980453716 -99 -99 -99 -99 23.03152466 0.04778263 20.4282341 0.00870904 20.43825722 0.02430528 19.191986 0.090127 19.083292 0.15348 18.94685 0.0256614516686596 18.905692 0.0488937382857757
143273115 25.0685997 0.14576514 23.08513069 0.02955695 22.72527504 0.03868844 20.18412209 0.0080788 20.19361877 0.02870935 19.422779 0.052418 18.890154000000003 0.07677 19.039086 0.0246902676529455 18.773871 0.0403193031202305
197311621 -99 -99 -99 -99 24.37832642 0.22558422 20.85076523 0.01944921 21.27628136 0.07441999 20.657713 0.143566 19.950358 0.204369 19.76855 0.0417309925804194 19.267141 0.058672289768787
228745162 -99 -99 24.03155708 0.07489354 21.85709763 0.0173088 19.87908173 0.00543188 20.03457069 0.02054872 19.424444 0.052552 19.258778 0.121097 19.306748 0.0337104136110281 19.251762 0.068568009233625
271696125 -99 -99 -99 -99 24.56261635 0.25065821 20.50878906 0.01233007 20.37194824 0.03132004 19.75961 0.079824 18.981762000000003 0.077047 18.813231 0.0192803214533997 18.76039 0.0361942192262438
456016600 -99 -99 25.49680138 0.32979271 22.68726349 0.04784128 20.34235001 0.00883054 20.38007164 0.0300268 19.915758 0.068457 19.701619 0.169281 20.073762 0.0426380748764338 19.91115 0.0825016497374362
470729144 -99 -99 25.62434959 0.27626523 23.11535263 0.05512013 20.60022354 0.01019892 21.00480461 0.05737825 20.576065 0.139269 19.97356 0.222326 20.0244 0.0473679612019257 19.832961 0.0816390589681543
471313744 -99 -99 -99 -99 23.65825272 0.08582494 19.88391495 0.00547197 20.79218674 0.0392475 19.88366 0.048981 19.193697 0.100367 18.720948 0.02173140900591 18.385741 0.0336170529177689
513805078 -99 -99 25.51425552 0.25823423 22.93239594 0.04174669 20.48654556 0.00948916 20.55944633 0.02829469 20.254638 0.093142 20.215853000000003 0.254378 19.873223000000003 0.0417402684068905 19.881519 0.0888767792965925
599741416 -99 -99 25.33972931 0.18564279 22.4349823 0.02370276 20.7751236 0.01054402 20.85452652 0.03638228 20.114805 0.092206 19.641854 0.181322 19.646065 0.0376070107719657 19.455505 0.0647835930277288
621863463 -99 -99 -99 -99 23.31820869 0.05910758 20.72920609 0.01198308 20.95194817 0.06131127 20.387085 0.101259 20.119950000000003 0.274929 20.223256 0.0517440153285644 20.061586 0.0908198783372666
695974542 -99 -99 24.27862549 0.0977652 21.89127541 0.01987676 20.08934402 0.00737529 20.28488731 0.02660321 19.722242 0.089197 19.383261 0.124377 19.411547 0.0324879580644888 19.476127 0.0743736753716592
